ID	Bcells	CAFs	CD4_Tcells	CD8_Tcells	Endothelial	Macrophages	NKcells	otherCells
GSM437093	0.0322386168856051	0.00863359137573691	0.13753166839164	0.0855182228202108	0.0922295496412828	0.00647358387270399	3.60759215854703e-10	0.637374766652061
GSM437094	0.0329527784635969	0.00768053067690387	0.127336632984848	0.0814731518303013	0.092867630754973	0.00596349894040819	1.44805803439743e-09	0.651725774900911
GSM437095	0.0321586223879124	0.00777213393116272	0.132839125647486	0.0820862725515915	0.0925511081603154	0.00576597557182849	5.93075388380805e-10	0.646826761156628
GSM437096	0.0296383643984291	0.00818625911096006	0.129267759551329	0.0854310330869822	0.0925908553265056	0.00584519032028934	3.01919420607093e-10	0.649040537903585
GSM437097	0.0303032631637488	0.00816407177539438	0.135355815217683	0.0853286773918782	0.0899130908800017	0.00660699532216001	1.86762707026851e-10	0.644328086062371
GSM437098	0.0320244810922202	0.0091608092270301	0.136084090927054	0.0854432933304382	0.0927902031005834	0.00645920640127771	3.0807423540077e-10	0.638037915613322
GSM437099	0.0328049430016617	0.00731231345343367	0.135813250164775	0.0841672237135266	0.0889369400612248	0.00646749074733022	1.05584412562274e-09	0.644497837802204
GSM437100	0.0313979927588992	0.00893712288438057	0.139944938141998	0.0832222168312848	0.0956277451952443	0.00669449520714167	8.84142272291212e-10	0.634175488096909
GSM437101	0.0304258200938529	0.00758756846536541	0.128255804718688	0.083647234894871	0.0889877140010894	0.006187964657192	7.77009279402944e-10	0.654907892391932
GSM437102	0.0301128173796285	0.00926686966568498	0.138252421364612	0.0828959082791415	0.089814401365109	0.00724524700701504	1.31482216543818e-09	0.642412333623987
GSM437103	0.0312441608761831	0.00862930288068844	0.13440114401374	0.0852504463810293	0.0912755767287806	0.00673420504972986	6.77160656104813e-10	0.642465163392688
GSM437104	0.0305420474407974	0.00789890104321408	0.131675181078236	0.0858673888211714	0.0893487333157627	0.00606456261906536	2.5881246873358e-09	0.648603183093628
GSM437105	0.0353284607108968	0.00807013151629072	0.136534414254513	0.0829645431518582	0.0901411147307877	0.00657594747619892	8.93871283643144e-11	0.640385388070068
GSM437106	0.0320895694944607	0.00837083977605959	0.136609337848361	0.0861835913605132	0.0910028717453113	0.00622967854162658	1.20666573957689e-10	0.639514111113001
GSM437107	0.0314120227876128	0.00774116087842116	0.129573595107533	0.0820699641944603	0.0906758355530985	0.00644899845068294	7.49396735702948e-10	0.652078422278794
GSM437108	0.0309363449055929	0.00787209371890274	0.12980908345368	0.0867207053474714	0.0900167427072628	0.00655782011468044	5.66180131692107e-09	0.648087204090608
GSM437109	0.0322556384584115	0.00871556842201464	0.134057593856475	0.0869188400435852	0.0927357881295167	0.00708715984938781	1.00586482324988e-10	0.638229411140022
GSM437110	0.0337185205803244	0.00804679504676199	0.134830073335066	0.0826698253696422	0.0921439414350841	0.00650841679980892	4.97708659804524e-09	0.642082422456226
GSM437111	0.0305028094183904	0.00896307031227381	0.12804679575782	0.0857501441682622	0.0916617165579323	0.00701166450691836	2.57842638955292e-10	0.64806379902056
GSM437112	0.0281919866658274	0.00805762059856493	0.131664780097951	0.0851541072932228	0.0886668787196708	0.00674478177242493	3.88454068637272e-10	0.651519844463884
GSM437113	0.0286565253926343	0.00890027572480271	0.123739623186404	0.0854355957504373	0.0902408758355143	0.00663010147348823	3.37232914974452e-10	0.656397002299486
GSM437114	0.031822341266183	0.00795574722962121	0.132126736486932	0.0846415594102172	0.0913070587624377	0.00632045470776548	3.90896666839484e-10	0.645826101745947
GSM437115	0.0295878677287503	0.00772423314921463	0.126488924692058	0.0849299767617638	0.0901012927699173	0.00640895254353155	5.14336449988447e-09	0.654758747211399
GSM437116	0.0316629436281457	0.00862244098197306	0.129658343092894	0.0849535786221979	0.0920201828091107	0.0069145731562277	5.67427300860076e-10	0.646167937142024
GSM437117	0.0296263897710754	0.00891287392286546	0.128385525961272	0.0836429125150479	0.091286043031093	0.00638535068436425	1.29731861717687e-10	0.65176090398455
GSM437118	0.0303477445426141	0.0083885826593867	0.135802121400357	0.0871441527379846	0.0938761431802548	0.00689275665107071	3.34592854576146e-10	0.637548498493739
GSM437119	0.0290610112500253	0.0101373169393466	0.127647055282384	0.0854120150961776	0.0997390183897917	0.00650884015154009	3.6319151948787e-10	0.641494742527543
GSM437120	0.030111965340599	0.00839801354454653	0.134117618089395	0.0853261660611034	0.0920542073140322	0.00653765122268402	6.65669765938937e-11	0.643454378361073
GSM437121	0.0305527603577439	0.0086874867016057	0.13113826697226	0.0853790180493286	0.0905823526699717	0.00663870221022941	1.46356002345877e-09	0.6470214115753
GSM437122	0.0291458398214024	0.00838714680333993	0.126131038760812	0.0830694479789997	0.0923522113323777	0.00608390279583466	9.56912317538488e-10	0.654830411550322
GSM437123	0.0293056242298583	0.00858896874347116	0.13536887376359	0.0827274016616689	0.0928017926099807	0.00671223179441022	5.26964952727696e-10	0.644495106670056
GSM437124	0.0303541773325057	0.00885073082737338	0.121273111794678	0.0865762164553381	0.0923783723797404	0.00639128294033045	3.89635233811018e-09	0.654176104373682
GSM437125	0.030103611302311	0.00873674908313037	0.132170924705967	0.0816644382659564	0.0933141043437209	0.00686925643499176	6.00889543148843e-10	0.647140915263033
GSM437126	0.0299712592777456	0.00792581470813991	0.142733511755512	0.0875748633924649	0.0894684688878923	0.00635383350063447	5.5354048369606e-10	0.63597224792407
GSM437127	0.0321921469299912	0.00874626056177411	0.12944005316997	0.0851181231387736	0.0925050485823019	0.0063702863254161	2.12729533290812e-10	0.645628081079044
GSM437128	0.03063709580047	0.00822469511998337	0.127772508281137	0.0856558091173954	0.0908605929791649	0.00610591014950545	6.77886053589481e-10	0.650743387874458
GSM437129	0.0302483060343951	0.00792356290488414	0.132761354597177	0.0848657285878214	0.0883753485296321	0.00615872506877521	5.13301533574109e-10	0.649666973764013
GSM437130	0.0297141746852963	0.0090326189475123	0.127538498994296	0.0845450721452081	0.0926128415808768	0.00653034428923051	2.39981120181699e-10	0.650026449117599
GSM437131	0.0319740407385421	0.00832115061831391	0.127952968502244	0.08353360311949	0.0942367823672865	0.0061754651102686	7.71625618843849e-11	0.647805989466692
GSM437132	0.0296566624678102	0.00841114585743576	0.121642211837053	0.0832130449060603	0.0897115709258284	0.00607559146369464	8.04258137247921e-11	0.661289772461692
GSM437133	0.0306289335819443	0.00862152979006761	0.140719517207646	0.0871031220623386	0.0917837319031855	0.00710520839760472	5.10603064380384e-10	0.634037956546611
GSM437134	0.0303448424494186	0.00871605475400207	0.126872751829132	0.0839825699154821	0.0943807656864757	0.00627984600650691	1.11668137438602e-08	0.649423158192169
GSM437135	0.0300902419983155	0.00940850364486788	0.135990662819889	0.08042292045791	0.0961131495539863	0.00682806688728524	1.86702010345311e-09	0.641146452770726
GSM437136	0.0304543238162725	0.00860596161138545	0.128437220265063	0.0840207668633445	0.091578170713764	0.00598963028117127	6.71208955222733e-10	0.65091392577779
GSM437137	0.0295750691605507	0.00864709521378137	0.130505764253624	0.0826593698075325	0.0898057279581187	0.00647191520276262	3.49269875046052e-10	0.65233505805436
GSM437138	0.0298466610242698	0.00894517416605421	0.127235836158056	0.0806022099168664	0.093577262164266	0.00618697975772293	9.91069887694995e-10	0.653605875821695
GSM437139	0.0293248260977698	0.0087246934901	0.130165098445468	0.0832144793407646	0.0931282083563327	0.00661708582897561	2.19414701583423e-10	0.648825608221175
GSM437140	0.0313780200053851	0.0077291311212076	0.126700763860799	0.0836303956482764	0.0903898524662195	0.00581597724309535	2.94569637877156e-10	0.654355859360448
GSM437141	0.029610369421495	0.00812661496325678	0.129834288692741	0.0873394143734317	0.0897898488514794	0.0066694284406118	4.97703019675978e-10	0.648630034759281
GSM437142	0.0296610034395056	0.00816164043459416	0.131673537901114	0.0822512691649839	0.0904076696871655	0.00652274032076937	4.67993666230734e-10	0.651322138583874
GSM437143	0.0303796710802592	0.00811284362002605	0.134459132673651	0.0895009483011522	0.0898093086881625	0.00680652698581062	7.43675494905792e-10	0.640931567907263
GSM437144	0.0314701904067923	0.00914491484189396	0.129245097665235	0.0816868036653903	0.0935464374433488	0.00660049488212684	9.67590562194253e-11	0.648306060998453
GSM437145	0.0334158006524613	0.00884356943039988	0.138014846884413	0.0862284480183434	0.0934090338462271	0.00700379656021482	3.49167218262346e-11	0.633084504573024
GSM437146	0.0331753765152918	0.00771907513580187	0.136129668776552	0.0821138678651378	0.0917070769368758	0.00639488487111539	7.88840349057256e-10	0.642760049110385
GSM437147	0.0309566800647316	0.00799026106413822	0.13918101432898	0.0844747927466278	0.0895600236217023	0.00669236612520191	5.18432659638824e-11	0.641144861996775
GSM437148	0.0305154129440054	0.0078798953884166	0.136724768932786	0.0852454514239697	0.0872558231641225	0.00666551311457478	2.5485469868842e-10	0.64571313477727
GSM437149	0.0310585999859087	0.00873805974340085	0.134213764346106	0.0840487044464161	0.0935113284283056	0.00677990183752685	4.96842020165984e-10	0.641649640715494
GSM437150	0.0313565041205195	0.00833987073781525	0.126593508219807	0.084529131768244	0.0929056172606767	0.00677355453504414	1.32701257696962e-09	0.649501812030881
GSM437151	0.0317044213602563	0.00842086717076513	0.131494464196062	0.0805555713999727	0.0900549719836379	0.00655268289762256	2.57633396903583e-10	0.65121702073405
GSM437152	0.0304868141870134	0.00873333269177778	0.132496125692293	0.0865189841240085	0.0922559008388164	0.00702789566510378	2.46907214037338e-10	0.64248094655408
GSM437153	0.0315236528105026	0.00794676733256358	0.123867190423997	0.0858002516169958	0.0900253671278826	0.00594626421722881	3.05011360371325e-10	0.654890506165819
GSM437154	0.0316591696055317	0.008503834494039	0.124507818547781	0.084317093832544	0.0937834519878777	0.00620685890882677	1.39890051879316e-11	0.651021772609411
GSM437155	0.0330502479566397	0.00880900912003167	0.142833644788278	0.085844550434031	0.093968980475953	0.0070498583812129	2.39410759464761e-08	0.628443684902778
GSM437156	0.0306775460544287	0.00851511677165001	0.140102522787317	0.0863569239276071	0.0912784312748759	0.00692290675680218	2.42564795078458e-10	0.636146552184755
GSM437157	0.030594782486131	0.00913027453501994	0.136024306063952	0.0857835360356869	0.0946213474579083	0.00731006409419733	2.17585747837067e-09	0.636535687151247
GSM437158	0.0295372087303538	0.00810477602147683	0.127498061894581	0.0829558609473627	0.0897624212506254	0.00634010766994651	2.24488001656264e-10	0.655801563261166
GSM437159	0.0311521157592352	0.00902772880887339	0.129009436842262	0.0859981750477074	0.0923025810884579	0.00672426296876458	7.69095955885414e-11	0.64578569940779
GSM437160	0.0308254877509702	0.00756102030940272	0.129365531274479	0.0841494862542515	0.0891659153992361	0.00641144988345269	4.80705571656519e-09	0.652521104321152
GSM437161	0.0329508084632146	0.00862410416354987	0.136547739842828	0.0870199546663751	0.09184224588263	0.00708218718529237	2.66145513446903e-10	0.635932959529964
GSM437162	0.0318281389562627	0.00866336791346706	0.12987995879908	0.0826441589856918	0.0928117480157435	0.00650071758758475	4.42356727629657e-11	0.647671909697935
GSM437163	0.0304765744562	0.00909283692588003	0.129007686953306	0.0847049800357048	0.0945566450641555	0.00714904228768583	3.481475026716e-10	0.645012233928921
GSM437164	0.0291618917585376	0.00848669640212102	0.12462182163808	0.0852244910505364	0.0898198084825377	0.005953581974937	2.67715860602116e-10	0.656731708425534
GSM437165	0.0310978382937814	0.00756798829259722	0.127212495257497	0.0846932312625255	0.0895648962658612	0.00614470332337427	1.50652799130862e-07	0.653718696651564
GSM437166	0.0295320954977272	0.00864049796967562	0.130994241350144	0.0927537102427925	0.0944087464798736	0.00687964178374995	1.45925749944559e-10	0.636791066530112
GSM437167	0.0297930536878864	0.00826481292321691	0.134761081596359	0.0877903301935091	0.0913315651398052	0.00676433065616681	1.05790928565716e-09	0.641294824745147
GSM437168	0.0298576308522315	0.00792187346112538	0.121942716439187	0.0841735961872923	0.0884396168971905	0.00641504899845648	1.3968742000368e-10	0.66124951702483
GSM437169	0.0303275739527193	0.0076788086333055	0.121928972805738	0.0822642254344801	0.0933679445069323	0.00662941166670527	1.43468526121477e-09	0.657803061565434
GSM437170	0.0307156833134184	0.00847098993147369	0.127337618510816	0.08224805579576	0.0923025566985158	0.00638571241629979	1.01249067951838e-09	0.652539382321225
GSM437171	0.0299562563637143	0.00869795237427163	0.14444113188175	0.0865324506110943	0.0940306008622717	0.00711708968420072	8.45497244620808e-11	0.629224518138148
GSM437172	0.0299126384793594	0.00829035343662881	0.127291593206615	0.0841877310220645	0.0905320351518564	0.0062949831984685	1.1267812726375e-09	0.653490664378226
GSM437173	0.0296822111853446	0.00899115099408961	0.126319507740731	0.0848679298686222	0.0909984181562944	0.00654921217776529	1.28894662908851e-09	0.652591568588206
GSM437174	0.0301297066560556	0.00931561264132555	0.12976104971794	0.0852083083322655	0.0934255417876752	0.00639635840551015	1.19461216462062e-10	0.645763422339767
GSM437175	0.0296735370605881	0.00936770088187966	0.135024091142841	0.0888336950630348	0.0951238162022798	0.00709607594765188	7.19581099487931e-10	0.634881082982144
GSM437176	0.0342218123732407	0.00827377503692214	0.135291316973169	0.0820920513343287	0.093483899401479	0.00635047207753694	1.43853113858671e-08	0.640286658418012
GSM437177	0.0300652019458515	0.00876553517357094	0.127512766966941	0.0839255222526071	0.0930323585736278	0.00612699851647721	7.198729528542e-11	0.650571616498937
GSM437178	0.0317963627612855	0.00880023514824075	0.134331175893337	0.0861050515816117	0.093204414408773	0.00702610119814486	2.99635252745422e-10	0.638736658708972
GSM437179	0.030126659990789	0.00850670563680463	0.121773261491822	0.0856316723557926	0.0930818710935623	0.0059993281694202	1.25750545598742e-10	0.654880501136058
GSM437180	0.0296817127547297	0.00898129247212407	0.134747167160724	0.0814656222718707	0.0966764028816028	0.00673322118010278	3.42263567792177e-11	0.641714581244619
GSM437181	0.0330260224516163	0.00910990037884362	0.139330164770287	0.0813587085309018	0.0941881781010136	0.00698418793386897	3.74813366815034e-11	0.636002837795987
GSM437182	0.0291308932895815	0.00898811899378094	0.127073842538711	0.0880024844612702	0.0918166711254179	0.00646904214062712	1.53785316810781e-10	0.648518947296826
GSM437183	0.0301255129468133	0.00865636440013095	0.134578628704812	0.0828457243978103	0.0915514197105489	0.00635833457934884	6.00644595209574e-10	0.645884014659891
GSM437184	0.0314051906718833	0.00834130921017768	0.131152545886977	0.0860507723391871	0.0911701305069286	0.00650208296834491	2.62662411614667e-09	0.645377965789878
GSM437185	0.0308954269979185	0.00816675328054074	0.126250247475044	0.0811524461253934	0.0919327138913414	0.00608419262426808	4.13870865847092e-10	0.655518219191623
GSM437186	0.029680267076348	0.00794801212695656	0.126927306065453	0.0829801336417598	0.0921719177665628	0.00618276577864234	1.0603315481143e-10	0.654109597438244
GSM437187	0.0318050360447668	0.00866001269407542	0.132142577541355	0.0853846471774801	0.0922119170008621	0.00685412397581229	7.62537900379271e-10	0.64294168480311
GSM437188	0.030551098518514	0.00876969607219267	0.125488683961812	0.0833139795799638	0.0904883981717316	0.00637738523177684	2.96548100855596e-10	0.655010758167461
GSM437189	0.0296427067734002	0.00902901869275541	0.120170016022058	0.083718369850156	0.0903506693215755	0.00674363356868979	4.00532048671841e-11	0.660345585731312
GSM437190	0.0292675119187201	0.00913108861259513	0.130596816944056	0.0841763604145456	0.0933189504799057	0.0068654428091691	9.17648429074865e-11	0.646643828729244
GSM437191	0.0315089103691506	0.00885868723693433	0.128881166469833	0.0843482044773952	0.0914004465586012	0.00644857966931367	1.7443194159857e-09	0.648554003474453
GSM437192	0.0301220865914661	0.00912868987304412	0.122310155775897	0.0822697347274849	0.0919045376924607	0.00628712580188536	6.49676902918565e-08	0.657977604570072
GSM437193	0.0283760614113556	0.00804782846356722	0.141031222412423	0.0858854951898517	0.0922139443894617	0.00670253758519719	5.24801083022476e-11	0.637742910495664
GSM437194	0.0306557825752402	0.00835411389500331	0.123244695817247	0.0831544891525778	0.0912228159623	0.00606694048898128	1.22882862635609e-07	0.657301039225787
GSM437195	0.0311227529236008	0.00859193915152128	0.130541429393238	0.0842740374739153	0.0905057332263981	0.00650697544255938	2.9157115848964e-09	0.648457129473055
GSM437196	0.0310104242439991	0.00842770501461663	0.138185825988608	0.0877543694222437	0.0916015344797146	0.00643734668027499	6.12266889419821e-10	0.636582793558276
GSM437197	0.0306323164658763	0.00873626798889414	0.134417604813996	0.0812757617953091	0.0940137572488414	0.0061040962317949	1.48580473214881e-09	0.644820193969483
GSM437198	0.0293169810263716	0.00909289167002511	0.130616421073251	0.0829045822944023	0.0937967170825882	0.00690224573678188	8.43539802631322e-10	0.647370160273041
GSM437199	0.0287844723254361	0.00921494364049975	0.136338965969996	0.0867161748218845	0.0955201282285279	0.00679972206287208	3.05683250448335e-09	0.636625589893951
GSM437200	0.0294092271970111	0.00911220769189315	0.132422041730253	0.0818138022477059	0.0920608232035148	0.00667349879767487	2.52932090504211e-09	0.648508396602627
GSM437201	0.0321593277963983	0.0100310301955524	0.136352710768423	0.0841139990320314	0.0956661609999405	0.00714350492340063	1.28454155636295e-08	0.634533253438838
GSM437202	0.0292019382192999	0.0087820158158571	0.132191592768873	0.0875737964848688	0.0902263444686043	0.00644573331947858	1.43086613209036e-10	0.645578578779931
GSM437203	0.0297674991078368	0.00856867446623834	0.145292312296163	0.0910532455462228	0.091063668630778	0.00741694142008565	4.97153285119542e-10	0.626837658035522
GSM437204	0.0289882449223536	0.00947304232573824	0.129052811677051	0.0865075037148867	0.102175052908288	0.00694495430776493	3.73366024422334e-09	0.636858386410258
GSM437205	0.0300954325183382	0.00888509011660519	0.13052764002877	0.0826003742228418	0.0923291855661816	0.00673562747744898	6.01518328096235e-10	0.648826649468296
GSM437206	0.0299869924698275	0.00865853296857498	0.126923542174561	0.0824871321148766	0.0903515861676891	0.00605813534747317	4.59193291803073e-10	0.655534078297805
GSM437207	0.029616707801578	0.00842792557060535	0.125628645073476	0.079741765989297	0.0894728996734061	0.00644534283911065	2.42018587654648e-08	0.660666688850668
GSM437208	0.0305648004124546	0.00847601345618584	0.128392025991501	0.0828841036873471	0.0900158605366328	0.00613463409363127	5.04445345536223e-10	0.653532561317802
GSM437209	0.0304835580146517	0.00872009837010146	0.144110454427857	0.0916910384376733	0.0913467108471463	0.00745912794859094	1.37272428652468e-08	0.626188998226737
GSM437210	0.0302580036024719	0.00874864345748846	0.135793186102519	0.0825534907896851	0.0939214268383028	0.00694477229414377	4.52930456553423e-12	0.64178047691086
GSM437211	0.031030975151322	0.00857641709754051	0.13969240329132	0.0886413596024903	0.0908315317966281	0.00682740157489876	4.17622494865217e-09	0.634399907309575
GSM437212	0.0310893583734817	0.0081280116529111	0.136882785866303	0.0855982875655134	0.089743032140742	0.00694545380918976	7.49439617833574e-10	0.64161306984242
GSM437213	0.0317967054035865	0.00816322232778364	0.129215500846455	0.0832319190025588	0.0917386062790675	0.00629563787693187	7.48175166915e-12	0.649558408256135
GSM437214	0.0311070852257143	0.0090981423214482	0.13010435771556	0.0821010201652331	0.0917588848206886	0.00658426782182381	2.11701243118435e-09	0.649246239812519
GSM437215	0.0308541170845719	0.00844745225095594	0.131114506725257	0.0843148540423062	0.0936507797770684	0.00684511853676547	3.069064211156e-10	0.644773171276169
GSM437216	0.0311497879738914	0.00786921468026949	0.129547057908197	0.0837306634113588	0.0895315628673955	0.00591923243340044	2.72299031659843e-10	0.652252480453188
GSM437217	0.0334507709063272	0.00842020017869276	0.138274249377258	0.0873951661596563	0.0888041775660931	0.00612062418031724	1.90840614556436e-08	0.637534792547594
GSM437218	0.0303614596236207	0.00793311925116897	0.127871193468284	0.084202475729934	0.0910120151718711	0.00620719019812607	2.97390351741954e-11	0.652412546527257
GSM437219	0.030683057914128	0.00725022938152839	0.137333978799273	0.0839253530980958	0.0900364537513661	0.00645394111074165	1.66489379716408e-10	0.644316985778377
GSM437220	0.0303088241441198	0.00825029983371199	0.132071667268623	0.088077652319885	0.0909472172419783	0.00688317472335014	2.89713212826587e-11	0.64346116443936
GSM437221	0.0306623248109868	0.00843603186772347	0.132689221353073	0.0812354068062416	0.0899446694134095	0.00659355996425398	6.4206033493578e-10	0.650438785142251
GSM437222	0.0297818364211071	0.00883889891930396	0.136379045413423	0.0861064711250467	0.093236249647184	0.00725531610402419	6.74186977384068e-10	0.638402181695724
GSM437223	0.0321807516359759	0.00890176580312045	0.138757410590539	0.0843387028544485	0.0918485642645523	0.00692663506512541	1.73042785682477e-09	0.63704616805581
GSM437224	0.0308606951471736	0.0084852284238641	0.130015296558502	0.0842804038275621	0.0917811136428555	0.00642273881792826	6.41450873012299e-10	0.648154522940664
GSM437225	0.0299067641026497	0.00859071416363243	0.140933395711473	0.087365784498192	0.0919575973652281	0.00703165591286363	1.05101017699477e-09	0.634214087194951
GSM437226	0.0394392326284436	0.00966207125880196	0.149311976712189	0.0929542553798131	0.0946472418870417	0.00763345931580113	2.93584810705101e-10	0.606351762524324
GSM437227	0.0303681889244237	0.00825198532878311	0.125560390620224	0.0855222364450998	0.0921773855519162	0.00697232339331262	5.03788431265291e-10	0.651147489232452
GSM437228	0.0293943033189779	0.00825981707467153	0.124104655155999	0.085412341585585	0.0893068631828539	0.00641987730437103	4.83650833238792e-11	0.657102142329177
GSM437229	0.0286208749558475	0.00816268953037401	0.136529658337087	0.0876238435661212	0.0916072671933614	0.00717866410515301	1.17132099080213e-09	0.640277001140735
GSM437230	0.0298667736036685	0.00804449767827777	0.120827726526427	0.0864917195083615	0.089306297616045	0.00577513235228003	9.21381827188359e-09	0.659687843501122
GSM437231	0.0300007176872594	0.00895471172757919	0.127550664791357	0.0825183178259154	0.0937299989125374	0.00617598644065	8.48658468558468e-10	0.651069601766043
GSM437232	0.0305911117457539	0.00807249744653126	0.128610446900524	0.0808556167026577	0.0917066026379745	0.00628495993680993	4.40338726886325e-10	0.65387876418941
GSM437233	0.0300942162954074	0.0090893272445573	0.127777058373289	0.0872816238770355	0.0918718347711203	0.00654849170180049	1.54291290061107e-10	0.647337447582499
GSM437234	0.0292242484687051	0.00951741416095522	0.132998034449073	0.0851464837386195	0.0942506151970556	0.00713780279853683	1.62205323869721e-10	0.641725401024849
GSM437235	0.0288459893565834	0.00937810927926477	0.134698773026236	0.0855166500767258	0.0919488109029031	0.0065581643431995	1.42071885381079e-09	0.643053501594368
GSM437236	0.0302206430779389	0.00811894065578452	0.121614314113254	0.0873357878485331	0.0893309120378388	0.00629612478026993	9.53019746345485e-10	0.657083276533361
GSM437237	0.0308152083569834	0.00823286566816614	0.126021143010809	0.0834780737254697	0.0914910789287715	0.00625640256255359	1.69112497100865e-10	0.653705227578134
GSM437238	0.0305989460566877	0.00865099094740137	0.125924849338204	0.0862620428028736	0.0920019644984008	0.00617538163951018	3.45013167152663e-10	0.65038582437191
GSM437239	0.0295333277747393	0.0085192189571369	0.12588436141733	0.0836392082915084	0.0932673660794873	0.0065775127674563	1.22106761176712e-09	0.652579003491274
GSM437240	0.0322925909131072	0.00839771533280322	0.125201241363025	0.0829011247085683	0.0924714926001812	0.00607226377095973	7.98477771738974e-10	0.652663570512878
GSM437241	0.0304522772653454	0.00878000152265899	0.122158263479938	0.0858142624891248	0.0964746790449551	0.00630611061812874	4.34455980790578e-11	0.650014405536404
GSM437242	0.029402823043061	0.00896154582335834	0.125627602508176	0.0817530885642	0.0888223148805132	0.006262420706631	1.04347828459104e-10	0.659170204369712
GSM437243	0.0296844339216238	0.00932697503163516	0.125456620924565	0.084664175238094	0.0931748249952716	0.00688649653847916	4.02583724100397e-10	0.650806472947747
GSM437244	0.0294394414528574	0.00876161117607887	0.123348273895908	0.0828733137940926	0.0909076079760609	0.00600248382236931	6.94632467929144e-10	0.658667267188
GSM437245	0.0305283211203648	0.00876231637309644	0.127960385060837	0.0837830080828767	0.0897438290277196	0.00664459688699329	1.03910616257286e-10	0.652577543344201
GSM437246	0.0307294625496843	0.00787661029685022	0.125834689144081	0.0848515387635848	0.0902630975110617	0.00631138301375253	2.13311449425321e-10	0.654133218507674
GSM437247	0.029707888572852	0.00884659572899688	0.124291068759468	0.0817019080762413	0.0916844030232161	0.00651617115158907	4.16925790942398e-10	0.657251964270711
GSM437248	0.0308589626652089	0.00790309656998515	0.126441111006471	0.0830301195616392	0.0884605549795258	0.00567408412824768	6.6151910677636e-10	0.657632070427403
GSM437249	0.0311027926766272	0.00819947861982068	0.129537975542826	0.0823095909293569	0.0933722320661034	0.00611396551364701	2.45585111717559e-10	0.649363964406034
GSM437250	0.0326470017551141	0.00899914195083154	0.13106110699541	0.0844836292015394	0.0958257076553846	0.00679638851150668	1.05667340186717e-10	0.640187023824547
GSM437251	0.0308829947524239	0.00904616861022378	0.136795274222189	0.0827859209256469	0.0950977411660625	0.00675614047013821	2.44688037496783e-08	0.638635735384512
GSM437252	0.0332756227595673	0.00802857059354916	0.130479249909803	0.0852991387874026	0.0917580271585683	0.00625985351334496	3.51778553793e-10	0.644899536925986
GSM437253	0.0301001458195806	0.00816780849204095	0.126329193323496	0.0831733689442253	0.0903960601537953	0.00608616318874608	6.82489231786221e-10	0.655747259395627
GSM437254	0.0328327375007952	0.00817676478605057	0.135073905783531	0.0835380098201827	0.0963273056745913	0.00694872645587197	3.78531198812771e-11	0.637102549941124
GSM437255	0.0336001150882838	0.00765142239738348	0.131553293062768	0.0847446718500883	0.0900113206602406	0.00656526873644434	1.58970348610507e-10	0.645873908045821
GSM437256	0.0311016328053086	0.00786796977620089	0.13306552647907	0.0854283860534801	0.0908673501838387	0.00678325679112355	4.16975484105012e-10	0.644885877494003
GSM437257	0.0287034491508804	0.00899357195766992	0.136239948574186	0.0837836861221251	0.0947957920492868	0.00683160933107001	2.1672945522072e-09	0.640651940647487
GSM437258	0.0298756673989265	0.00802160195572321	0.137650162039036	0.0872023803618924	0.0906859852038482	0.00651955033240746	4.23911457426214e-10	0.640044652284254
GSM437259	0.0307936713682281	0.00831345379975272	0.129833078601004	0.0811762704477773	0.0905889054342258	0.00639074796734352	2.97950913748357e-09	0.652903869402159
GSM437260	0.0326578287379107	0.00806294690673484	0.130733594101908	0.0830012116342364	0.090409680747987	0.00671493297416622	1.48542294233984e-09	0.648419803411634
GSM437261	0.0303564408011692	0.00848254506491913	0.12806868967961	0.0844175893952519	0.0878972783186305	0.00635779670436373	1.41974057500132e-11	0.654419660021858
GSM437262	0.0291269308170172	0.00879885885496532	0.12322994505209	0.0837781687908767	0.092224564313983	0.00640866992203449	6.0858636336365e-10	0.656432861640447
GSM437263	0.0305349732986061	0.00890827545042343	0.128081447795309	0.0846332369753515	0.0924569412354508	0.00690204759679697	8.61502187509927e-11	0.648483077561912
GSM437264	0.0303608609314051	0.00818088726112719	0.123027500934824	0.0849402476656567	0.0902082065475528	0.00623261387979531	4.70316537775883e-10	0.657049682309323
GSM437265	0.0303209454271214	0.00892497261214851	0.131072259020682	0.0820370106663633	0.0938917388945099	0.00695137278570478	2.51737494134346e-10	0.646801700341733
GSM437266	0.0316684573749312	0.00823811585495582	0.132516460504845	0.0904169115774272	0.0919456611456854	0.00680331579161738	5.25906757946146e-10	0.638411077224631
GSM437267	0.0289080182285378	0.00835793057560717	0.131567609256972	0.0872981347925636	0.0920855520208366	0.00687224007024281	1.55455798309696e-09	0.644910513500682
GSM437268	0.0290098369556564	0.00753177316182681	0.12391652601315	0.0838031395259414	0.0925923777611048	0.00595345354113861	2.0897962640749e-09	0.657192890951386
GSM437269	0.0286482070971194	0.00805657198933745	0.12269313523204	0.0824694055619365	0.0894581240687009	0.0056515077097864	5.80618069844094e-10	0.663023047760461
GSM437270	0.0295083642154461	0.0088525307449001	0.14281692826762	0.0778896937631712	0.100480762736672	0.00760438138808959	3.62227458147127e-10	0.632847338521874
GSM437271	0.0303199392421744	0.00778784862088954	0.14102599102178	0.0815546334182515	0.0873840814377711	0.00644091056226645	2.78571478427291e-10	0.645486595418296
GSM437272	0.031392057748134	0.00883399655976701	0.148856661298165	0.0788764017244355	0.0977265173551369	0.00691189874845456	2.19875007735799e-11	0.627402466543919
GSM437273	0.0290451352390418	0.00780433288967366	0.133241554212757	0.0815714742304158	0.0895341112116116	0.00618212244215821	2.83695778294399e-09	0.652621266937385
GSM437274	0.0299520243677919	0.00816676407257714	0.132325909543198	0.0781382612035639	0.09418795428316	0.00621874441392736	1.07357384043816e-09	0.651010341042208
GSM437275	0.0304870249937852	0.00718680564623333	0.130936139600848	0.0779226972115355	0.0874034604784169	0.00581806628251341	1.09040207997e-09	0.660245804696265
GSM437276	0.0295588213059685	0.00881775626628491	0.138115006002287	0.0772245466034657	0.0976058320779019	0.00636171521908051	5.52477687116594e-11	0.642316322469764
GSM437277	0.0297151174189614	0.00807121361889353	0.131000505065945	0.0765300709757831	0.0885722279846112	0.00602716004373447	1.59234227194132e-09	0.660083703299729
GSM437278	0.0297068392517679	0.008445741038421	0.140733266941828	0.076955564336227	0.0928707698172239	0.00670329412886515	5.1947088236011e-10	0.644584523966196
GSM437279	0.0306907929452046	0.00869006111400884	0.128939895419923	0.0778144788037015	0.0902698342117346	0.0060548168293523	2.26317798375327e-11	0.657540120653443
GSM437280	0.0289455619559339	0.00871153813351813	0.134401577748819	0.0765531964102904	0.0941679581588831	0.00675532235448666	2.82827350536328e-10	0.650464844955242
GSM437281	0.029410672492605	0.0080280972275338	0.130835887557335	0.077279592129059	0.0931169747243603	0.00594936271521375	1.09172650610854e-10	0.655379413044721
GSM437282	0.0320377694634923	0.00771611698283212	0.124695973526473	0.0798750550858044	0.0970464320827172	0.00591709598007302	4.82418229055546e-08	0.652711508636785
GSM437283	0.0327181052213021	0.00741266650472701	0.132176809754399	0.0815626000965481	0.0911148587770897	0.0064977075104729	1.89804437085868e-09	0.648517250237417
GSM437284	0.0296971612764677	0.0087520188073097	0.138802102085379	0.0819297763057657	0.0947241262384983	0.00675258827529992	4.4536498594444e-11	0.639342226966744
GSM437285	0.0315941553424157	0.00713072879881896	0.127503427848854	0.080108065018683	0.0919371554409121	0.0057215357292494	4.11232920034293e-10	0.656004931409834
GSM437286	0.0286623644575536	0.00750386796872432	0.123001679272875	0.0774720235141	0.0923771329279633	0.00598161720536008	1.5995048490268e-09	0.665001313053919
GSM437287	0.0292033306452579	0.00727281357482786	0.127962018418481	0.0804793818312256	0.0888180350532962	0.00548616092483278	6.29229889103104e-09	0.660778253259779
GSM437288	0.0313860974745151	0.00790055631572281	0.132529352272779	0.0804922303601832	0.0903850269361045	0.00586492111225199	4.72158184278888e-10	0.651441815056285
GSM437289	0.0290481746047066	0.00771354977808675	0.129970573295239	0.0801366355885005	0.0876523578615403	0.00573624924203446	6.08265108913763e-10	0.659742459021627
GSM437290	0.0290069006533307	0.00722839014302098	0.125492765091718	0.0809075617882163	0.0892406633166405	0.0053353301754956	4.38914901890625e-10	0.662788388392663
GSM437291	0.0312862040522903	0.00743683702822506	0.132585443297792	0.0800096854826323	0.0912246014544423	0.00584986732781337	6.36161702196764e-11	0.651607361293188
GSM437292	0.0294786456489173	0.00757190991241126	0.127788167989703	0.0788409373012832	0.0899411627004383	0.0057548482043134	8.04386136338172e-11	0.660624328162495
GSM437293	0.0304972056333584	0.00860811729055527	0.13015458433866	0.0798874262275344	0.0929219030201502	0.00600425154052052	1.14947474770015e-11	0.651926511937727
GSM437294	0.0293786001507524	0.00770146162792416	0.139581811044053	0.0802869841957629	0.0894769309795131	0.00683526857606356	2.76869915925638e-09	0.646738940657232
GSM437295	0.0330369678270989	0.00781462907303167	0.135189453826717	0.0781774166566857	0.0893829101487732	0.0058684593969068	9.20529411861097e-10	0.650530162150258
GSM437296	0.0310485426762028	0.00813352186808783	0.129930799939542	0.0820076027664896	0.0906545067567018	0.00575700794632512	4.42911251525595e-09	0.652468013617538
GSM437297	0.029363156327555	0.00796939567092825	0.148452454107058	0.088719820651162	0.0937351591188224	0.00710937488722444	1.88919059259317e-08	0.624650620345344
GSM437298	0.0293463474995819	0.00699994204620997	0.122140288844638	0.0799601815870363	0.0879552315727233	0.0052668003610097	2.07108143346863e-10	0.668331207881692
GSM437299	0.0316067312023122	0.0079941428330792	0.142071899223821	0.0795479204009336	0.0909250264994673	0.0066958880676638	1.86563600231827e-10	0.64115839158616
GSM437300	0.0301561808290198	0.00804959726068164	0.134603159464605	0.0778820564433449	0.0904393494435197	0.0062206198446089	1.99425612936268e-10	0.652649036514794
GSM437301	0.0318720354995267	0.0093707187759667	0.136383271756987	0.079717448073881	0.0949330335809329	0.00692806350668303	7.61979323978802e-10	0.640795428044043
GSM437302	0.0294045924635823	0.00768850891451754	0.131103711689894	0.0778220486983814	0.0897722790509149	0.00635712700689979	3.59502711316145e-11	0.65785173213986
GSM437303	0.0314087879157859	0.00757668533785917	0.134719712521937	0.0798640197432129	0.0894713227229604	0.00593589228162645	1.69038384145697e-10	0.65102357930758
GSM437304	0.0311909384806688	0.00815140808463148	0.140825370699309	0.0787866720049067	0.094220219987005	0.0069204859872607	1.3405701567363e-09	0.639904903415648
GSM437305	0.0304773282412999	0.00860920704448279	0.133108294115613	0.0771425671251274	0.0973003439151171	0.00678178040400114	1.80963947500286e-10	0.646580478973394
GSM437306	0.0328121137888065	0.00932602144389371	0.154780149858604	0.0792992478098223	0.0972860118771647	0.00739061023346034	3.06744549941672e-11	0.619105844957574
GSM437307	0.0305309610920696	0.00838393015122152	0.136955235644521	0.0838948774597749	0.089784109868652	0.00748810927550191	1.95306059690085e-10	0.642962776312953
GSM437308	0.0293790592718698	0.00856871321520024	0.129443616690458	0.079893728060637	0.0918392143938697	0.00659148182628419	4.62955894476394e-10	0.654284186078725
GSM437309	0.0336035948052618	0.00768947625341156	0.140272343642146	0.0809857034688506	0.0905820176296692	0.00608996692689284	1.70989845688512e-10	0.640776897102778
GSM437310	0.029748086893023	0.00729338205635398	0.121530012213344	0.0793585757590674	0.0901251950915372	0.00534656571209255	1.56109938365883e-11	0.666598182258971
GSM437311	0.030213238634967	0.00768551517968359	0.120696492761944	0.0796305127491239	0.0955934304852533	0.00567906806958692	4.16029180144543e-11	0.660501742077838
GSM437312	0.0303369378143175	0.00690173893322608	0.130124810151656	0.0788057419019961	0.0875594584659687	0.00563886828181049	3.59543413103608e-11	0.660632444415071
GSM437313	0.0298093144141347	0.00790902142555038	0.137220153645743	0.0820576114408789	0.089988121767907	0.00690084886472986	1.01052753271895e-10	0.646114928340003
GSM437314	0.0301442210064381	0.00813526326536941	0.136074821534622	0.0801500350931239	0.0920045122410288	0.00727333352976472	1.28186721889e-10	0.646217813201467
GSM437315	0.0312877972540472	0.00981655789628169	0.147124401917171	0.0777173878598536	0.098058082792333	0.00792259636028124	7.69823343913585e-13	0.628073175919262
GSM437316	0.0318371878456399	0.00842093162277083	0.13569545352572	0.0823502765105349	0.0925300819462876	0.00583781299493486	7.58899671101177e-11	0.643328255478222
GSM437317	0.0330628457367737	0.00836378606456603	0.135939282666674	0.0788078331728782	0.0940226937673159	0.00680309149974897	3.78241521400918e-10	0.643000466713801
GSM437318	0.0295509979488226	0.00860387066100442	0.133754370427628	0.0802390102413236	0.0934374870556447	0.00701961440962435	3.15594883561683e-11	0.647394649224393
GSM437319	0.0309354128211464	0.00844974426028338	0.137873059213009	0.0774212488255288	0.0920282916192999	0.00670850033524957	6.76320743910139e-09	0.646583736162276
GSM437320	0.0300018730286193	0.00754710739713646	0.139562374723517	0.0811627758849933	0.0967017078088716	0.00639207349961739	1.57465675653187e-09	0.638632086082589
GSM437321	0.0326914944015912	0.00721436206749621	0.141770721230055	0.0779546336529833	0.0877951690511789	0.00685526197995	8.74479151204734e-10	0.645718356742266
GSM437322	0.0307770121160031	0.0076270713926989	0.132737654179176	0.0774498644160329	0.0906466677551203	0.00649414258429586	3.77064589526702e-10	0.654267587179609
GSM437323	0.0316603506238447	0.00817454472335091	0.128429835306832	0.0775621774085553	0.0915863982016805	0.00615175726941253	3.11301386252537e-10	0.656434936155023
GSM437324	0.0306470722580107	0.00769788476543463	0.130379205369265	0.0803454559145903	0.0909810350916041	0.00612425146694843	4.25058451317645e-11	0.653825095091641
GSM472192	0.0309695886950977	0.00696798548727189	0.132345602094173	0.0787145384734786	0.0899952268121723	0.0060049302710743	1.42068308186645e-10	0.655002128024664
GSM472193	0.0306000354665879	0.00710200275764113	0.132641934707211	0.0778448487385692	0.089119041889962	0.00589821161530932	6.11935926349965e-11	0.656793924763526
GSM472194	0.0310630131458533	0.00711342930049932	0.135304362745538	0.0781357723611237	0.0906560225917682	0.00643966294398282	1.56441157386912e-09	0.651287735346823
GSM472195	0.031922720304268	0.00745680875279888	0.136136326146597	0.0810754043964251	0.0929628303721872	0.00596685364566244	2.57095175838775e-10	0.644479056124966
GSM472196	0.0316168718347047	0.00713198183699023	0.136745961477662	0.0768873233544855	0.089534841830063	0.0061835183032824	3.35036154702885e-10	0.651899501027776
GSM472197	0.0293546281208386	0.00773954368352522	0.127113023647224	0.079440243167978	0.0897619556956465	0.00584018564551912	1.61075278340417e-10	0.660750419878193
